F1 Score: 0.5636583114393241
Recall: 0.5641390093099282
FNR: 0.4358609906900718
