F1 Score: 0.5567017593443088
Recall: 0.5599459882026864
FNR: 0.4400540117973136
