F1 Score: 0.578513495545805
Recall: 0.6184350792409921
FNR: 0.3815649207590079
